108655620745852661589421940341948692210590873380469369575655718233003855446017
108655620745852661589421940341948692210590873380469369575655718799252343750657
108655620745852661589421940341948692210590873380469369575655719347908646010881
108655620745852661589421940341948692210590873380469369575655719730538692476929
108655620745852661589421940341948692210590873380469369575655719732737715732481
108655620745852661589421940341948692210590873380469369575655714304448809402369
108655620745852661589421940341948692210590873380469369575655715725017832488961
108655620745852661589421940341948692210590873380469369575655716366033111482369
108655620745852661589421940341948692210590873380469369575655717893254762463233
108655620745852661589421940341948692210590873380469369575655719256649180905473
108655620745852661589421940341948692210590873380469369575655719258848204161025
108655620745852661589421940341948692210590873380469369575655719445765180882945
108655620745852661589421940341948692210590873380469369575655715777794390622209
108655620745852661589421940341948692210590873380469369575655719230260901838849
108655620745852661589421940341948692210590873380469369575655719236857971605505
